m = 7 max_eigenvalue：1.704980590017911579  (4进制：3.409961180035823158)

m = 9 max_eigenvalue：1.756985559894518989  (4进制：3.513971119789037978)

m =11 max_eigenvalue：1.792916251646224257  (4进制：3.585832503292448514)
